# type : (home,0) (main,1) (path,2) (coverage,3)
node:
  - name: "Node 1"
    type: 2
    index: 1
    connection: []
    child: [2]
    data: 0
    position:
      x: 1.1948920031648136
      y: 1.4684662980703198
      yaw: 1.64289336899213

  - name: "Node 2"
    type: 2
    index: 2
    connection: [3]
    child: []
    data: 0
    position:
      x: 3.6092857142857158
      y: 6.758571428571429
      yaw: 9999

  - name: "Node 3"
    type: 2
    index: 3
    connection: [2]
    child: []
    data: 0
    position:
      x: -0.08357142857142819
      y: 6.805714285714286
      yaw: 9999

